Thumbs Up
V sign
Rock n Roll
Thumbs down